Train Loss:
0.29213513259557966
0.12696128012282207
0.08305905578354149
0.06568085881121827
0.056459793226515995
0.04631890015055736
0.043419558885144004
0.03512770708993817
0.03360524647109581
0.03039052771447319
0.032268676398229515
0.03077943020678581
0.02801171772294275
0.023223111870804312
0.024075997659791234
0.02077989965257836
0.023729442085423474
0.01862548068182292
0.02353173501109242
0.018163822406361288
0.02286656114482486
0.016866698086877678
0.018761868377675215
0.015842431915530947
0.016961266603304326
Train Accuracy:
86.83333333333333
95.04722222222222
96.76805555555555
97.525
97.81388888888888
98.275
98.375
98.74583333333334
98.7388888888889
98.89305555555555
98.84861111111111
98.87777777777778
99.00694444444444
99.15277777777777
99.16944444444445
99.28611111111111
99.14305555555555
99.35277777777777
99.17083333333333
99.37777777777778
99.18611111111112
99.43333333333334
99.33333333333333
99.41666666666667
99.44583333333334
Validation Loss:
0.38073071329934255
0.47806327091583184
0.5254822458028794
0.5175855538078716
0.44265194332333546
0.6745878750596728
0.5484115401165826
0.5753811157303197
0.5652142253432955
0.821117817661592
0.5338947064429521
0.7081684945310865
0.597761645849262
0.5756359658965042
0.6099334925626005
0.5830997064624514
0.6684359155637878
0.6605077441254896
0.7364074661391122
0.8308321024264608
0.7432190950342588
0.7665426773950458
0.6512234463566648
0.8276964206780706
0.8266151849712644
Validation Accuracy:
0.8463571428571428
0.8435
0.8412142857142857
0.8532142857142857
0.8860714285714286
0.8377142857142857
0.8660714285714286
0.8569285714285715
0.8752857142857143
0.8350714285714286
0.8860714285714286
0.8528571428571429
0.8660714285714286
0.8693571428571428
0.8782857142857143
0.8753571428571428
0.8628571428571429
0.8825714285714286
0.8460714285714286
0.8528571428571429
0.862
0.8669285714285714
0.8818571428571429
0.8427857142857142
0.8545714285714285
