Train Loss:
0.3412490242444877
0.16973995652498927
0.11495215921325887
0.08732591541682153
0.06588520733177239
0.054102390486060095
0.04705997835844755
0.039191856001114064
0.03306123159878643
0.03588077886829298
0.029294775130147947
0.029389613355899638
0.02258087656004949
0.023888617602271088
0.019988863328917625
0.02342480499089319
0.018661048846213637
0.02163946399868116
0.017292552733098664
0.01815059612024615
0.018470055078146384
0.0174466643176134
0.015132919587574714
0.017825447846491364
0.014302977199785094
Train Accuracy:
84.1625
93.2
95.5111111111111
96.64722222222223
97.46527777777777
97.96111111111111
98.24861111111112
98.51388888888889
98.7611111111111
98.63472222222222
98.93472222222222
98.925
99.16388888888889
99.11111111111111
99.26388888888889
99.1763888888889
99.35555555555555
99.2
99.40555555555555
99.35555555555555
99.31527777777778
99.39583333333333
99.49444444444444
99.34583333333333
99.49861111111112
Validation Loss:
0.3935922207576888
0.47712547366959707
1.037463259935379
0.4847775302273887
0.5574576721872602
0.5522097934995379
0.5741634901932308
0.5208943141741412
0.6617000027533089
0.643408842248576
0.5981390362637383
0.513274452992848
0.9043322165693556
0.7623817582811628
0.6759405768258231
0.8594497515133449
0.6448142918518611
0.6061651192222323
0.6891327754770007
1.0402457840996129
0.7779543618219239
0.7881047169140407
1.0047425343649727
0.6098653224536351
0.6035527435370854
Validation Accuracy:
0.8442142857142857
0.8295
0.7502142857142857
0.8532857142857143
0.8628571428571429
0.867
0.8600714285714286
0.8714285714285714
0.8645
0.8587142857142858
0.8800714285714286
0.8782857142857143
0.845
0.851
0.8701428571428571
0.8472857142857143
0.8775
0.8757857142857143
0.8575
0.7980714285714285
0.868
0.8517857142857143
0.8412142857142857
0.8805
0.8862857142857142
