Train Loss:
0.4613040535056845
0.18374967765300831
0.11030796238927977
0.07651601571933175
0.06025584577747905
0.05434846532603739
0.04215913755713519
0.04072574378447013
0.03342925409409911
0.03435303056150252
0.032490997832823304
0.03146141614097811
0.02981196857447214
0.026980289353837148
0.024596326837501098
0.027769274888262946
0.024265554404969438
0.022603348283516574
0.0229808336845434
0.0230188382028252
0.019204315617152138
0.02115145100095699
0.018822491602024316
0.019204001252437077
0.022281921968187686
Train Accuracy:
76.81666666666666
92.6361111111111
95.6875
97.10416666666667
97.74305555555556
97.95972222222223
98.41944444444445
98.47361111111111
98.72777777777777
98.73611111111111
98.78611111111111
98.87916666666666
98.91111111111111
99.00277777777778
99.11527777777778
99.0111111111111
99.10555555555555
99.1763888888889
99.1625
99.15416666666667
99.30416666666666
99.24027777777778
99.33472222222223
99.35555555555555
99.2125
Validation Loss:
0.47691351504411017
0.8098981170654297
0.4090485696909683
0.45388365966507366
0.7694535268494593
0.5204576553702355
0.5102667701840401
0.5986556196659804
0.5684486937597394
0.6904097507340567
0.5155707163683005
0.7488428004298892
0.6985662817273821
0.5440212503043669
0.6073979681091649
0.8570976623105151
0.6088439229130745
0.7086834801947698
0.5810719160980412
0.8655151441629444
0.6643799227561269
0.9463283503012998
0.6155323593297175
0.6225952130896705
0.6357565366668361
Validation Accuracy:
0.8082857142857143
0.7332142857142857
0.8590714285714286
0.8592142857142857
0.8252857142857143
0.859
0.8565714285714285
0.8507142857142858
0.8640714285714286
0.8332142857142857
0.8737142857142857
0.8297857142857142
0.8493571428571428
0.8711428571428571
0.8629285714285714
0.824
0.877
0.8530714285714286
0.8775
0.8462142857142857
0.8647142857142858
0.8058571428571428
0.8721428571428571
0.8723571428571428
0.8708571428571429
