Train Loss:
0.3871570897704743
0.11079877151295225
0.07185335317296339
0.051215786126884794
0.0438639409575902
0.04046858113311918
0.03591250410428971
0.029413514471685526
0.03219930975077053
0.02928185630556698
0.026765392517756857
0.02305443839752941
0.023288249721790246
0.02100997173610467
0.022299817105646224
0.021772330806835008
0.0179888180433112
0.017548827570243838
0.018855797875745234
0.021384280120478348
0.013726203629114593
0.014313824925301696
0.017096166998884436
0.01566026267531189
0.016607847356494246
Train Accuracy:
86.01666666666667
95.64861111111111
97.22361111111111
98.11805555555556
98.33888888888889
98.52083333333333
98.65833333333333
98.91666666666667
98.85277777777777
98.95
99.08194444444445
99.22222222222223
99.15555555555555
99.2625
99.19722222222222
99.26944444444445
99.38194444444444
99.40138888888889
99.34861111111111
99.2388888888889
99.5513888888889
99.48055555555555
99.42777777777778
99.47777777777777
99.41805555555555
Validation Loss:
0.39602064184844493
0.41194741622465
0.48236175372770856
0.7061888502495629
0.4516082791494472
0.6998264677183968
0.4125099318708692
0.5888264159285463
0.42062585750488296
0.6582585784452302
0.5061082215798752
0.6030632781609893
0.5282213861577745
0.5627256540634803
0.9234222806096077
0.465096965290606
0.41157393031248024
0.5183711587680238
0.4497776052377054
0.5136685595086643
0.6501702739824541
0.6676574697393787
0.47180510796819414
0.6771441258724247
0.4208633295340197
Validation Accuracy:
0.8597857142857143
0.8665
0.8581428571428571
0.8332142857142857
0.8755714285714286
0.855
0.8921428571428571
0.8891428571428571
0.897
0.8687142857142857
0.8895714285714286
0.8892142857142857
0.9027142857142857
0.8940714285714285
0.8607142857142858
0.897
0.9085714285714286
0.8953571428571429
0.9058571428571428
0.885
0.905
0.8898571428571429
0.893
0.8680714285714286
0.9085714285714286
