Train Loss:
0.7137031815153487
0.6833334563049018
0.6645554523941473
0.6496808321763438
0.6387026844717932
0.6200250475964648
0.5990393108932685
0.578833541126116
0.5574072675502046
0.5330487329063686
0.5078050022852336
0.48522470003746926
0.4594258328912951
0.430349293224355
0.40413120674326064
0.37330865585212164
0.3484663294879257
0.32325631263830984
0.2948952853045565
0.27249382774457864
0.2488865114695637
0.22386152487485966
0.2050621344159681
0.18522958383492544
0.16473464411518252
Train Accuracy:
50.63333333333333
55.84583333333333
59.61944444444445
61.766666666666666
63.00555555555555
64.9125
66.95833333333333
68.52361111111111
70.4
72.39861111111111
74.20555555555555
75.75416666666666
77.45972222222223
79.39305555555555
80.99444444444444
82.74722222222222
83.99027777777778
85.57083333333334
87.20694444444445
88.15694444444445
89.50694444444444
90.4486111111111
91.50277777777778
92.3875
93.31388888888888
Validation Loss:
0.691616028717586
0.6829756718703679
0.7004385017667498
0.6675598263059344
0.6580229377405984
0.6704652855055673
0.6855242180143084
0.6404063898495266
0.6735825980050223
0.6739149599756513
0.6874324580601283
0.6600624602862767
0.7055616455078125
0.698837332725525
0.7544882235867637
0.9842753601074219
0.8886103580338615
0.8502324865886143
0.7904342619691577
1.0035176548957825
1.0514687266349791
1.1731665199143546
1.2846211004257202
1.1983240222930909
1.1762581201280866
Validation Accuracy:
0.507
0.5617142857142857
0.5806428571428571
0.5915714285714285
0.6096428571428572
0.6123571428571428
0.6257142857142857
0.6386428571428572
0.6589285714285714
0.6602857142857143
0.6522142857142857
0.6631428571428571
0.6614285714285715
0.6747142857142857
0.6752142857142858
0.6425
0.6702857142857143
0.6663571428571429
0.6717857142857143
0.669
0.6717857142857143
0.6734285714285714
0.6636428571428571
0.6736428571428571
0.6716428571428571
