Train Loss:
0.23332552508787907
0.10138142736404078
0.07088556959036182
0.058209816542130415
0.044445080167435584
0.041040017368628626
0.035525834939198184
0.029561709754618137
0.03165523789357394
0.02827364471014457
0.025352326888881678
0.0261528104203522
0.02193983265525721
0.02364121252177151
0.020092976437254103
0.018891661799866177
0.017539715763026226
0.022679402366204596
0.017425447556579068
0.021758738324146862
0.01984430662173025
0.0179876553869793
0.014351069020249399
0.013378471546849329
0.014700045352002873
Train Accuracy:
89.94027777777778
96.05972222222222
97.23055555555555
97.81388888888888
98.29861111111111
98.48472222222222
98.66111111111111
98.925
98.8236111111111
98.99166666666666
99.09444444444445
99.06111111111112
99.20694444444445
99.15138888888889
99.31666666666666
99.31805555555556
99.43611111111112
99.22361111111111
99.40416666666667
99.275
99.27916666666667
99.35972222222222
99.50555555555556
99.50555555555556
99.47916666666667
Validation Loss:
0.3470931343947138
0.38043382055418834
0.31113240114280155
0.40140768596529963
0.3976743550811495
0.43085440263152125
0.4420604213816779
0.42770254802703855
0.4166470526116235
0.394494008318255
0.4621082164208804
0.5381273637669427
0.559253379402416
0.4933694449042502
0.5110798169715064
0.49091072263036456
0.4155335262417793
0.5738724697402545
0.6039268316520112
0.554678001156875
0.5867757025786808
0.6409726419363703
0.6797476621786398
0.703078724078568
0.5635996218664305
Validation Accuracy:
0.8766428571428572
0.8919285714285714
0.8846428571428572
0.8905
0.888
0.893
0.8886428571428572
0.9015714285714286
0.8952857142857142
0.8999285714285714
0.9001428571428571
0.8837857142857143
0.8892142857142857
0.9042857142857142
0.8955714285714286
0.8886428571428572
0.9077142857142857
0.8888571428571429
0.9098571428571428
0.8912142857142857
0.89
0.8900714285714286
0.8933571428571428
0.891
0.9039285714285714
