Train Loss:
0.6557997247428758
0.5953859946829207
0.5018375374323932
0.39038234029678587
0.2809977101307389
0.18738435066126763
0.12459783845231043
0.0937743818004292
0.06951138348127088
0.05998398943520184
0.05368830199544945
0.04714041064552804
0.043084235013138954
0.04116986617974356
0.03770838396174582
0.03258419380331716
0.03210359456262003
0.034300575941034875
0.03104379613130809
0.029828376781545474
0.03174188422494905
0.030961397345052332
0.027034461594034807
0.02496489367021763
0.023905164047791656
Train Accuracy:
61.03472222222222
67.4125
74.99027777777778
82.2388888888889
87.96111111111111
92.45555555555555
95.23472222222222
96.50138888888888
97.53472222222223
97.93194444444444
98.06388888888888
98.30972222222222
98.48611111111111
98.5736111111111
98.70833333333333
98.94027777777778
98.94444444444444
98.84305555555555
98.9486111111111
99.01944444444445
98.96527777777777
98.98055555555555
99.1375
99.17916666666666
99.22777777777777
Validation Loss:
0.7140875329630716
0.6391254612377711
0.6631774335588728
0.705898693731853
0.7905772672721317
0.9655642968245916
1.1105583942958286
1.3158507084846496
1.467734759943826
1.6797033381462096
1.7440045036588396
1.7481036281585693
1.9442350207737513
1.4762805562700545
1.8737542446681432
1.788160268017224
1.711994006531579
1.8283310592515127
1.6546906109537398
1.8037712910515922
1.7496002861431668
1.7893186313084193
1.9402375127928597
1.9007582758494785
2.0996883638926915
Validation Accuracy:
0.6069285714285715
0.6392857142857142
0.6768571428571428
0.6930714285714286
0.6970714285714286
0.6908571428571428
0.6937142857142857
0.6933571428571429
0.6793571428571429
0.6903571428571429
0.6834285714285714
0.6900714285714286
0.6740714285714285
0.6967857142857142
0.691
0.7046428571428571
0.6967142857142857
0.6912857142857143
0.7012857142857143
0.6908571428571428
0.7020714285714286
0.6977142857142857
0.6892142857142857
0.7032142857142857
0.6977857142857142
